E,L,V,Real,Predictions,Doble Opcion1,Doble Opcion2,Aciertos,Apuntes Real
0.2797791329206086,0.4930052257769175,0.22721564130247382,L,L,LE,LE,1,LE
0.280364379287845,0.35746356047685607,0.36217206023529885,V,V,EV,VL,1,VL
0.2646840687126141,0.5075501823049,0.22776574898248597,L,L,LE,LE,1,LE
0.19484055922163224,0.7119429833810086,0.09321645739735919,L,L,L,L,1,L
0.25587321982453487,0.18310892396317036,0.5610178562122947,V,V,EV,VE,1,VE
0.2616042752399094,0.31176722557292846,0.42662849918716217,V,V,EV,VL,1,VL
0.24128923289130805,0.5220148980367064,0.23669586907198553,E,L,LE,LE,1,LE
0.2593957262538442,0.5309984569700972,0.20960581677605852,V,L,LE,LE,0,VA
0.26082316426473845,0.4496275393194378,0.2895492964158239,L,L,LE,LV,1,LV
0.2952755601517455,0.38688883749817715,0.3178356023500773,L,L,LE,LV,1,LV
0.2189069689643696,0.628404672872064,0.15268835816356638,L,L,L,L,1,L
0.2572791259381444,0.46542880284997,0.27729207121188565,L,L,LE,LV,1,LV
0.15409786522914837,0.7602529767331758,0.08564915803767584,V,L,L,L,0,VA
0.27888360827261804,0.4696643527631034,0.2514520389642784,L,L,LE,LE,1,LE
0.26038689828972483,0.45647642121939513,0.2831366804908801,E,L,LE,LV,0,VA
0.2522227785182209,0.5607601129460899,0.1870171085356892,L,L,LE,LE,1,LE
0.24257762711093667,0.4934364341034161,0.2639859387856473,L,L,LE,LV,1,LV
0.27040624909730193,0.5031043726316636,0.22648937827103435,L,L,LE,LE,1,LE
0.16935463898261835,0.7619222409800606,0.06872312003732112,L,L,L,L,1,L
0.2640048909530335,0.513932174980663,0.2220629340663035,V,L,LE,LE,0,VA
0.2277587550733984,0.5261652297213477,0.24607601520525388,E,L,LE,LV,0,VA
0.27135887515872903,0.4795158981275413,0.24912522671372964,V,L,LE,LE,0,VA
0.17812742718207406,0.07271273720540562,0.7491598356125204,E,V,V,V,0,VA
0.22928246319025633,0.5467445257870778,0.22397301102266587,L,L,LE,LE,1,LE
0.16865227509987327,0.05419631822461669,0.7771514066755101,E,V,V,V,0,VA
0.26371983606345706,0.49849367232791547,0.23778649160862755,L,L,LE,LE,1,LE
0.16429048059671253,0.7873130732572814,0.048396446146006224,E,L,L,L,0,VA
0.3049055015229471,0.3968196555955748,0.2982748428814781,V,L,LE,LE,0,VA
0.19055239789717454,0.7142961125311829,0.09515148957164261,L,L,L,L,1,L
0.2657931628975261,0.44082513671480467,0.2933817003876693,L,L,LE,LV,1,LV
0.09103265398775567,0.8870666454437685,0.02190070056847595,L,L,L,L,1,L
0.278522245351833,0.47732768461698155,0.24415007003118533,V,L,LE,LE,0,VA
0.2642202279865414,0.5083581147315887,0.22742165728187003,L,L,LE,LE,1,LE
0.29491277892143153,0.3690843646789433,0.33600285639962507,V,L,LE,LV,1,LV
0.23541734285198118,0.542836453326794,0.2217462038212249,V,L,LE,LE,0,VA
0.2636589411645334,0.4086342308881451,0.32770682794732137,V,L,LE,LV,1,LV
0.2944628798191032,0.4010965976058027,0.3044405225750941,V,L,LE,LV,1,LV
0.28339646752754866,0.43348012276038667,0.28312340971206473,V,L,LE,LE,0,VA
0.22784668904409364,0.5955039026175819,0.17664940833832452,E,L,LE,LE,1,LE
0.2715834802957892,0.5099001143942419,0.21851640530996888,L,L,LE,LE,1,LE
0.2730528458265802,0.45175451434168284,0.27519263983173703,L,L,LE,LV,1,LV
0.2725383009197702,0.5478107273099498,0.17965097177027997,V,L,LE,LE,0,VA
0.3164420745333366,0.18955472440157384,0.49400320106508955,V,V,EV,VE,1,VE
0.1731684040868998,0.7149981987047107,0.11183339720838949,V,L,L,L,0,VA
0.2694398361578574,0.1442726320185923,0.5862875318235503,L,V,EV,VE,0,VA
0.2674014100233935,0.4264753669473063,0.30612322302930023,V,L,LE,LV,1,LV
0.2540576381084813,0.5482841361287685,0.19765822576275016,L,L,LE,LE,1,LE
0.3048485441494682,0.413040664366626,0.28211079148390583,E,L,LE,LE,1,LE
0.20319522032290893,0.68671073691024,0.11009404276685116,E,L,L,L,0,VA
0.30142908958695047,0.38381333559406267,0.31475757481898675,E,L,LE,LV,0,VA
0.2702624984789776,0.46983959089186395,0.2598979106291585,L,L,LE,LE,1,LE
0.22242136196138074,0.6777894359415001,0.0997892020971191,L,L,L,L,1,L
0.28646040495087854,0.3393523573807681,0.37418723766835343,V,V,EV,VL,1,VL
0.25853296947690524,0.5339522310557957,0.20751479946729906,L,L,LE,LE,1,LE
0.2925912992619157,0.36639445728514414,0.34101424345294007,L,L,LE,LV,1,LV
0.19159427902343848,0.7292351923705014,0.07917052860606007,L,L,L,L,1,L
0.14615795852044924,0.8081621362717799,0.0456799052077709,L,L,L,L,1,L
0.3016092583466596,0.37373780783825006,0.32465293381509036,V,L,LE,LV,1,LV
0.25451230063760644,0.41836249035815914,0.3271252090042345,V,L,LE,LV,1,LV
0.21381657560027714,0.5996199361596729,0.18656348824004998,L,L,LE,LE,1,LE
0.2995609241244519,0.3467684808124986,0.3536705950630494,V,V,EV,VL,1,VL
0.2682231915188993,0.4375034289258149,0.2942733795552858,L,L,LE,LV,1,LV
0.21228503289577305,0.6180159522687825,0.16969901483544436,L,L,L,L,1,L
0.21713799933472303,0.6262860063508715,0.1565759943144054,L,L,L,L,1,L
0.20104069797682456,0.6751970918341349,0.12376221018904046,L,L,L,L,1,L
0.2660562067631233,0.4471274501357881,0.28681634310108867,V,L,LE,LV,1,LV
0.2734151256998704,0.46672362286195035,0.25986125143817934,E,L,LE,LE,1,LE
0.2745374610686674,0.46751989885869777,0.2579426400726349,L,L,LE,LE,1,LE
0.29118027223144666,0.3815688061591097,0.32725092160944363,L,L,LE,LV,1,LV
0.24846655452221006,0.6005317380250491,0.15100170745274075,V,L,L,L,0,VA
0.26416359773079645,0.5199980194524471,0.21583838281675646,L,L,LE,LE,1,LE
0.28505719231813664,0.5041863218301729,0.21075648585169046,V,L,LE,LE,0,VA
0.2692058964232946,0.4930048695422344,0.23778923403447105,E,L,LE,LE,1,LE
0.26965857342365995,0.3881674739956223,0.3421739525807176,E,L,LE,LV,0,VA
0.2669201285800073,0.3647206851966006,0.36835918622339214,L,V,EV,VL,1,VL
0.25220849120991906,0.5183753785281514,0.22941613026192953,V,L,LE,LE,0,VA
0.2852487264631141,0.569818175683468,0.1449330978534177,L,L,LE,LE,1,LE
0.23250441664567695,0.49784399233031756,0.26965159102400554,V,L,LE,LV,1,LV
0.2536211698054128,0.4936808078859925,0.2526980223085947,E,L,LE,LE,1,LE
0.2547191101789078,0.48699893805059835,0.2582819517704938,L,L,LE,LV,1,LV
0.2712860612596118,0.46912544733828715,0.2595884914021011,L,L,LE,LE,1,LE
0.28755022964269855,0.4091606873898716,0.30328908296742985,E,L,LE,LV,0,VA
0.24185701980414284,0.44292804773455796,0.31521493246129917,L,L,LE,LV,1,LV
0.26975954686469517,0.4706622006882204,0.2595782524470844,V,L,LE,LE,0,VA
0.25387137797660464,0.17782671510632736,0.5683019069170681,L,V,EV,VE,0,VA
0.24375892172887648,0.3562093228875863,0.40003175538353725,E,V,EV,VL,0,VA
0.2635926237204924,0.4382735995292177,0.29813377675029007,L,L,LE,LV,1,LV
0.27965926689256504,0.3982634972521437,0.32207723585529113,V,L,LE,LV,1,LV
0.25415693730330335,0.3993516362621554,0.3464914264345413,L,L,LE,LV,1,LV
0.2757829068175221,0.3573902011150755,0.3668268920674024,L,V,EV,VL,1,VL
0.07840497278606695,0.8983023560873645,0.023292671126568503,L,L,L,L,1,L
0.25666040622894293,0.235793576660626,0.5075460171104311,V,V,EV,VE,1,VE
0.2165940731155079,0.6453098320692815,0.1380960948152106,E,L,L,L,0,VA
0.24490988206316122,0.477272634683644,0.2778174832531947,L,L,LE,LV,1,LV
0.2624550926050077,0.38671998045957867,0.3508249269354137,V,L,LE,LV,1,LV
0.13042999666799154,0.8295192655027306,0.040050737829277705,L,L,L,L,1,L
0.2634973188724516,0.3466336290675531,0.3898690520599953,E,V,EV,VL,0,VA
0.25476005525874695,0.5407022747464277,0.20453766999482534,E,L,LE,LE,1,LE
0.2401741179412911,0.6199968923689101,0.13982898968979876,L,L,L,L,1,L
0.2904817724766079,0.4816707727834695,0.22784745473992252,L,L,LE,LE,1,LE
0.1850223955039776,0.7300384936739521,0.08493911082207041,L,L,L,L,1,L
0.2697384967765012,0.38871656686687683,0.341544936356622,V,L,LE,LV,1,LV
0.2782335036596768,0.4624365325477532,0.2593299637925701,E,L,LE,LE,1,LE
0.3069996206626647,0.44506895375188227,0.24793142558545306,V,L,LE,LE,0,VA
0.26325332616013725,0.39965442506739796,0.33709224877246474,V,L,LE,LV,1,LV
0.11568130700388941,0.844659034788466,0.03965965820764451,L,L,L,L,1,L
0.11984921867485387,0.8429222170231258,0.03722856430202045,V,L,L,L,0,VA
0.27302955742894025,0.3169583718734836,0.4100120706975761,L,V,EV,VL,1,VL
0.277361823900549,0.43684122846162726,0.2857969476378237,V,L,LE,LV,1,LV
0.2671928043845349,0.39768520096735555,0.33512199464810966,L,L,LE,LV,1,LV
0.25992350034682743,0.3756724288870248,0.36440407076614767,E,L,LE,LV,0,VA
0.2535748391158666,0.3971974869533828,0.3492276739307506,E,L,LE,LV,0,VA
0.2602346637552231,0.3136469273945043,0.42611840885027263,V,V,EV,VL,1,VL
0.21949494129960487,0.5716348435068938,0.20887021519350138,L,L,LE,LE,1,LE
0.28229166550597934,0.38109902916313687,0.3366093053308838,V,L,LE,LV,1,LV
0.27914993310504715,0.4825917962679286,0.23825827062702434,E,L,LE,LE,1,LE
0.25641481253556425,0.48942975280810314,0.2541554346563326,E,L,LE,LE,1,LE
0.2741980152787915,0.3531780830743482,0.37262390164686027,L,V,EV,VL,1,VL
0.2786066239318468,0.43783850899076876,0.28355486707738436,V,L,LE,LV,1,LV
0.2651884306167074,0.4766546028084816,0.25815696657481085,L,L,LE,LE,1,LE
0.25829111759558493,0.3582458385191911,0.3834630438852239,L,V,EV,VL,1,VL
0.3245290935724041,0.3492797965650933,0.32619110986250255,E,L,LE,LV,0,VA
0.26818436908180787,0.23578645214759775,0.4960291787705943,L,V,EV,VE,0,VA
0.14032393788626432,0.7848867005358053,0.07478936157793022,L,L,L,L,1,L
0.16446161335693282,0.7493611445942419,0.08617724204882521,L,L,L,L,1,L
0.2811890736214688,0.4917899981421404,0.2270209282363907,E,L,LE,LE,1,LE
0.09140794371484792,0.8808876850386095,0.027704371246542556,L,L,L,L,1,L
0.2896134535759282,0.378900122373242,0.33148642405082973,V,L,LE,LV,1,LV
0.28019478498386136,0.4952184330783209,0.2245867819378177,V,L,LE,LE,0,VA
0.2627606820925641,0.48559349847845806,0.25164581942897774,L,L,LE,LE,1,LE
0.2863313017118303,0.46275918784461856,0.25090951044355114,V,L,LE,LE,0,VA
0.2797956265950771,0.4734286938449269,0.24677567955999602,L,L,LE,LE,1,LE
0.2586386213203597,0.4707924004707639,0.2705689782088763,E,L,LE,LV,0,VA
0.289913285321962,0.20063136238594761,0.5094553522920904,V,V,EV,VE,1,VE
0.2443979881768673,0.48592431122637053,0.26967770059676205,L,L,LE,LV,1,LV
0.2668884205190155,0.4508613521886148,0.2822502272923696,V,L,LE,LV,1,LV
0.2242888800701645,0.6814243040245087,0.09428681590532682,E,L,L,L,0,VA
0.2626479672864719,0.49676342849597244,0.24058860421755568,V,L,LE,LE,0,VA
0.28775574458912645,0.38979275764622434,0.3224514977646492,L,L,LE,LV,1,LV
0.260040383228491,0.4589099174443525,0.2810496993271566,L,L,LE,LV,1,LV
0.28046852365529656,0.433978678442072,0.28555279790263133,L,L,LE,LV,1,LV
0.260090987303249,0.5313813605491517,0.20852765214759916,V,L,LE,LE,0,VA
0.3086608845924525,0.46428192474231084,0.2270571906652368,L,L,LE,LE,1,LE
0.20594568036191654,0.6510032413529213,0.14305107828516223,L,L,L,L,1,L
0.3093139000233684,0.40991268663762326,0.2807734133390084,V,L,LE,LE,0,VA
0.11414463241518957,0.8554374204629459,0.030417947121864644,L,L,L,L,1,L
0.2558004389485597,0.4486246926662101,0.29557486838523017,E,L,LE,LV,0,VA
0.2564141873221393,0.5422792300764867,0.20130658260137407,E,L,LE,LE,1,LE
0.22148734833216718,0.5804567711486647,0.19805588051916811,L,L,LE,LE,1,LE
0.28518678190975766,0.4810228109503894,0.23379040713985294,V,L,LE,LE,0,VA
0.22139019826613396,0.6170234990352647,0.16158630269860136,L,L,L,L,1,L
0.10119593266246345,0.8574995947247975,0.04130447261273905,L,L,L,L,1,L
0.2826613272511012,0.38653838227588594,0.33080029047301296,L,L,LE,LV,1,LV
0.27686611825580654,0.2971314623059249,0.42600241943826855,L,V,EV,VL,1,VL
0.2945453956369002,0.4033676952176139,0.302086909145486,L,L,LE,LV,1,LV
0.14106905438223905,0.7662543216456351,0.09267662397212577,L,L,L,L,1,L
0.26056624949881346,0.36591169318698147,0.373522057314205,E,V,EV,VL,0,VA
0.2876170292493994,0.23040889691745872,0.48197407383314195,L,V,EV,VE,0,VA
0.24476714474392103,0.40463580877295463,0.35059704648312434,V,L,LE,LV,1,LV
0.25362641199535296,0.5755019619890815,0.1708716260155655,L,L,LE,LE,1,LE
0.3001078511279187,0.28138073159044535,0.418511417281636,V,V,EV,VE,1,VE
0.28543515357561805,0.37501715567936744,0.33954769074501445,E,L,LE,LV,0,VA
0.21090362881490224,0.5983875121354388,0.19070885904965904,L,L,LE,LE,1,LE
0.12248874074369277,0.8145949352558498,0.0629163240004575,L,L,L,L,1,L
0.2502689144513888,0.5735658949418253,0.1761651906067858,V,L,LE,LE,0,VA
0.25409151477338937,0.4224484300550561,0.3234600551715545,E,L,LE,LV,0,VA
0.28220009564103604,0.5072669198114783,0.21053298454748556,L,L,LE,LE,1,LE
0.2731392743437904,0.36866621093928603,0.3581945147169236,E,L,LE,LV,0,VA
0.25889360250631865,0.49379948588350253,0.2473069116101789,E,L,LE,LE,1,LE
0.284191118549923,0.5219463183200113,0.1938625631300656,E,L,LE,LE,1,LE
0.26992656382049063,0.48766780979943863,0.24240562638007077,E,L,LE,LE,1,LE
0.26750245079265306,0.41471226288865815,0.3177852863186888,V,L,LE,LV,1,LV
0.2787299646850941,0.41917455650610796,0.30209547880879795,L,L,LE,LV,1,LV
0.23431491407105243,0.22403847768087645,0.5416466082480711,V,V,EV,VE,1,VE
0.28083305299027017,0.4307831541871198,0.28838379282261006,V,L,LE,LV,1,LV
0.25904733674599956,0.4616891715199626,0.2792634917340379,L,L,LE,LV,1,LV
0.24440053174945817,0.1543800060911289,0.601219462159413,V,V,V,V,1,V
0.28188256206672346,0.4433614619659858,0.2747559759672906,E,L,LE,LE,1,LE
0.25206380273533924,0.52250982387458,0.22542637339008076,V,L,LE,LE,0,VA
0.2915690764482246,0.34160658067754285,0.36682434287423255,V,V,EV,VL,1,VL
0.2543462068083288,0.5494104392179052,0.1962433539737659,L,L,LE,LE,1,LE
0.2852830773747172,0.23117406373015317,0.4835428588951296,V,V,EV,VE,1,VE
0.2719772075539207,0.3274098665410659,0.40061292590501335,V,V,EV,VL,1,VL
0.2390236030112394,0.141048520779473,0.6199278762092876,V,V,V,V,1,V
0.20176544127735987,0.6925283577486346,0.10570620097400546,L,L,L,L,1,L
0.27537393006155486,0.5200036779621898,0.20462239197625537,V,L,LE,LE,0,VA
0.2642426375193441,0.4360742998629981,0.2996830626176578,L,L,LE,LV,1,LV
0.3185472136320922,0.43093253486186645,0.2505202515060413,E,L,LE,LE,1,LE
0.24546975285592063,0.5730566616015977,0.18147358554248166,L,L,LE,LE,1,LE
0.29824377051415657,0.4213464201831245,0.28040980930271886,E,L,LE,LE,1,LE
0.24182595210128233,0.5452786867787963,0.2128953611199214,V,L,LE,LE,0,VA
0.21469848894040267,0.6094436508848254,0.17585786017477192,V,L,L,L,0,VA
0.20702215523609696,0.7042506449074079,0.08872719985649509,L,L,L,L,1,L
0.2819991788576673,0.4152089700369403,0.3027918511053925,L,L,LE,LV,1,LV
0.25813164242111325,0.45326874904411896,0.2885996085347678,E,L,LE,LV,0,VA
0.2460949596935525,0.5904280808677772,0.16347695943867022,V,L,LE,LE,0,VA
0.25813606239664955,0.3489523588025553,0.3929115788007951,E,V,EV,VL,0,VA
0.2527699565363696,0.2483103028698262,0.4989197405938042,L,V,EV,VE,0,VA
0.21106105547202178,0.6502539811198943,0.13868496340808395,V,L,L,L,0,VA
0.19101005037924185,0.7078598453880965,0.1011301042326616,L,L,L,L,1,L
0.23763035307817082,0.6225400788228517,0.1398295680989775,L,L,L,L,1,L
0.22519784949425034,0.6465265151498495,0.12827563535590022,L,L,L,L,1,L
0.15438066951635943,0.7963169959283768,0.04930233455526362,L,L,L,L,1,L
0.23947815305775433,0.5957957145754471,0.1647261323667986,E,L,LE,LE,1,LE
0.195210585325507,0.6982850004707277,0.10650441420376515,L,L,L,L,1,L
0.2614835599468895,0.42395039631754017,0.3145660437355703,L,L,LE,LV,1,LV
0.28402685885287876,0.4659934781278607,0.24997966301926056,E,L,LE,LE,1,LE
0.2406362254148431,0.5081225329944402,0.2512412415907167,E,L,LE,LV,0,VA
0.2060456380885841,0.12336493519404725,0.6705894267173687,L,V,V,V,0,VA
0.2378144622627259,0.5878251664602818,0.17436037127699228,L,L,LE,LE,1,LE
0.1246243742790985,0.8203651609406121,0.05501046478028946,L,L,L,L,1,L
0.22000827137600887,0.06031007259391823,0.7196816560300728,V,V,V,V,1,V
0.22055954879332554,0.6337387567311494,0.14570169447552514,L,L,L,L,1,L
0.20142121822750975,0.7052893624551078,0.0932894193173824,L,L,L,L,1,L
0.24120135347372565,0.5310352990849591,0.2277633474413153,V,L,LE,LE,0,VA
0.30762859997895103,0.4223463628529349,0.270025037168114,L,L,LE,LE,1,LE
0.19708108653036222,0.6699458210680104,0.13297309240162736,L,L,L,L,1,L
0.27731092525523404,0.48899347700523227,0.23369559773953374,L,L,LE,LE,1,LE
0.25861349251356763,0.47222302536764316,0.2691634821187891,L,L,LE,LV,1,LV
0.2800989067761651,0.43783356080859154,0.28206753241524335,E,L,LE,LV,0,VA
0.2333424522888001,0.2009395849479498,0.5657179627632501,V,V,EV,VE,1,VE
0.24279728255253405,0.4280479611472011,0.32915475630026486,E,L,LE,LV,0,VA
0.28474769361602803,0.45689219481020893,0.25836011157376293,V,L,LE,LE,0,VA
0.1960719179630476,0.6671759221824602,0.13675215985449216,E,L,L,L,0,VA
0.2900884434706645,0.3856490479530821,0.3242625085762534,L,L,LE,LV,1,LV
0.22418760095980136,0.5596282846577868,0.21618411438241195,L,L,LE,LE,1,LE
0.2495705791572301,0.45692160129815457,0.2935078195446154,V,L,LE,LV,1,LV
0.26034796274745253,0.5203914248323874,0.21926061242015996,L,L,LE,LE,1,LE
0.27369243186059605,0.39729740198124314,0.3290101661581607,E,L,LE,LV,0,VA
0.23610352353363911,0.5252012219757429,0.2386952544906179,L,L,LE,LV,1,LV
0.29918388700096826,0.45281625611355764,0.24799985688547407,L,L,LE,LE,1,LE
0.27348610386508976,0.5428720697290379,0.18364182640587232,V,L,LE,LE,0,VA
0.2381780308018774,0.44760827165317424,0.31421369754494827,E,L,LE,LV,0,VA
0.2873945034947139,0.4272308695744227,0.2853746269308634,V,L,LE,LE,0,VA
0.24626130914224845,0.5475366378815513,0.20620205297620023,E,L,LE,LE,1,LE
0.2655596780013311,0.4627250267293514,0.2717152952693175,L,L,LE,LV,1,LV
0.2482366456024654,0.5946730340845555,0.15709032031297915,V,L,LE,LE,0,VA
0.27793429454216245,0.4364620761907609,0.2856036292670767,V,L,LE,LV,1,LV
0.2877530202839926,0.3847937187919504,0.32745326092405697,E,L,LE,LV,0,VA
0.28172862226209716,0.46547491320173817,0.25279646453616467,V,L,LE,LE,0,VA
0.2435689711981108,0.4650644748519286,0.29136655394996064,L,L,LE,LV,1,LV
0.2719379963680062,0.49074837950056555,0.2373136241314282,E,L,LE,LE,1,LE
0.2835267944610402,0.43411379102732517,0.28235941451163465,V,L,LE,LE,0,VA
0.2778260505553163,0.4845678271300145,0.23760612231466927,L,L,LE,LE,1,LE
0.2295108275661613,0.6069927983967148,0.16349637403712391,L,L,L,L,1,L
0.24476006679670367,0.5002488868079766,0.25499104639531966,E,L,LE,LV,0,VA
0.2640919904843636,0.44443934653769734,0.29146866297793905,L,L,LE,LV,1,LV
0.3285620068753094,0.3181299815545095,0.3533080115701811,E,V,EV,VE,1,VE
0.2609874170369504,0.27362471266067667,0.46538787030237294,E,V,EV,VL,0,VA
0.28931366236549383,0.29584606185362333,0.4148402757808829,E,V,EV,VL,0,VA
0.21811153583264706,0.6121616553412529,0.16972680882610008,E,L,L,L,0,VA
0.2692526479801675,0.35299369698827415,0.3777536550315583,L,V,EV,VL,1,VL
0.2371350105676309,0.5980405515399205,0.16482443789244872,E,L,LE,LE,1,LE
0.28588661877689703,0.4308497894080135,0.28326359181508964,L,L,LE,LE,1,LE
0.2516360339887757,0.48992202053781886,0.2584419454734053,V,L,LE,LV,1,LV
0.26327426668054954,0.4557035447103052,0.28102218860914535,L,L,LE,LV,1,LV
0.2566751079620255,0.5374868310185525,0.20583806101942204,V,L,LE,LE,0,VA
0.2846260849122929,0.4747272980412001,0.24064661704650694,L,L,LE,LE,1,LE
0.24930999027819298,0.5129345612728725,0.23775544844893445,V,L,LE,LE,0,VA
0.21345842407558108,0.6257818216879012,0.1607597542365177,L,L,L,L,1,L
0.20143369085711865,0.6692693661123854,0.12929694303049588,E,L,L,L,0,VA
0.2665189119548007,0.3326375991047332,0.4008434889404662,V,V,EV,VL,1,VL
0.2867370374577459,0.3924203911822737,0.3208425713599804,L,L,LE,LV,1,LV
0.23102756214061568,0.550114896644918,0.2188575412144664,L,L,LE,LE,1,LE
0.2912558475200439,0.3753343166140808,0.33340983586587536,E,L,LE,LV,0,VA
0.28609944513352314,0.4539737031134407,0.2599268517530361,L,L,LE,LE,1,LE
0.27436079625307935,0.2747729227222907,0.45086628102462983,V,V,EV,VL,1,VL
0.25886495929508435,0.4125245657156604,0.3286104749892553,L,L,LE,LV,1,LV
0.2509851752946275,0.39877638994238807,0.3502384347629845,V,L,LE,LV,1,LV
0.20758250947862594,0.6265684943611556,0.16584899616021845,L,L,L,L,1,L
0.26781989676371126,0.5864165134994883,0.14576358973680031,V,L,LE,LE,0,VA
0.2153162070491493,0.16505129412106342,0.6196324988297872,V,V,V,V,1,V
0.2548158480504814,0.4557895001542704,0.28939465179524815,L,L,LE,LV,1,LV
0.24044058794466827,0.5682100429229748,0.19134936913235687,L,L,LE,LE,1,LE
0.286842378314559,0.4267156758268849,0.2864419458585561,L,L,LE,LE,1,LE
0.256509534715228,0.4604108322344813,0.28307963305029055,E,L,LE,LV,0,VA
0.27215514091058796,0.5047119240218336,0.22313293506757853,E,L,LE,LE,1,LE
0.16261425859516027,0.7673666774664356,0.07001906393840399,L,L,L,L,1,L
0.24926987802012693,0.4983753247689776,0.2523547972108955,L,L,LE,LV,1,LV
0.21273719758173856,0.6325738369738799,0.15468896544438154,E,L,L,L,0,VA
0.2588850220568527,0.4555257484768119,0.2855892294663354,E,L,LE,LV,0,VA
0.24581916375174193,0.5614482204630116,0.19273261578524642,V,L,LE,LE,0,VA
0.27344849382553066,0.4485389187551169,0.27801258741935236,L,L,LE,LV,1,LV
0.2294909903578003,0.6032910856069146,0.1672179240352851,L,L,L,L,1,L
0.2730159735203006,0.5143965003469562,0.21258752613274323,V,L,LE,LE,0,VA
0.2391538393258765,0.5650482114534359,0.19579794922068766,V,L,LE,LE,0,VA
0.2646413075477853,0.48419990832810444,0.2511587841241103,V,L,LE,LE,0,VA
0.2930337109571672,0.43274696798494977,0.2742193210578831,L,L,LE,LE,1,LE
0.11207549780078177,0.8549870734192033,0.03293742878001495,L,L,L,L,1,L
0.16996652924684486,0.7756611962551525,0.05437227449800253,L,L,L,L,1,L
0.3219546799177652,0.3427117275514776,0.3353335925307571,E,L,LE,LV,0,VA
0.21305052947889874,0.6401534166368664,0.14679605388423486,L,L,L,L,1,L
0.2628678408788043,0.30473972511305386,0.4323924340081418,V,V,EV,VL,1,VL
0.2232269416621149,0.4282366500744094,0.34853640826347565,E,L,LE,LV,0,VA
0.29297014861858817,0.4192310728201471,0.2877987785612648,V,L,LE,LE,0,VA
0.2815342412292364,0.40851174005809426,0.3099540187126693,V,L,LE,LV,1,LV
0.30312093602305545,0.4221227710618806,0.274756292915064,L,L,LE,LE,1,LE
0.28627340009964464,0.4516076071049977,0.2621189927953576,V,L,LE,LE,0,VA
0.26677346233802574,0.46658987920095285,0.2666366584610215,V,L,LE,LE,0,VA
0.27335229267842254,0.39585610491531437,0.33079160240626304,L,L,LE,LV,1,LV
0.30458665201014734,0.39503537742642797,0.30037797056342475,L,L,LE,LE,1,LE
0.270104405722934,0.2838276893401022,0.44606790493696385,V,V,EV,VL,1,VL
0.2896065801464084,0.4682830014392562,0.2421104184143353,E,L,LE,LE,1,LE
0.241489832378405,0.492153109652067,0.26635705796952797,L,L,LE,LV,1,LV
0.1159361272315429,0.8508517220781396,0.03321215069031745,L,L,L,L,1,L
0.09844819290424581,0.8765764028881227,0.024975404207631405,L,L,L,L,1,L
0.295312786323716,0.2755617321466665,0.42912548152961755,V,V,EV,VE,1,VE
0.1419606860222199,0.812800641768283,0.045238672209497045,L,L,L,L,1,L
0.24878413180219405,0.25582762313702884,0.49538824506077705,V,V,EV,VL,1,VL
0.2663887037824332,0.4955989635464447,0.23801233267112198,E,L,LE,LE,1,LE
0.27291568555657564,0.4380022041304805,0.2890821103129439,E,L,LE,LV,0,VA
0.25169847941290324,0.4484057097631761,0.29989581082392064,E,L,LE,LV,0,VA
0.238837157531307,0.5658931094155255,0.1952697330531675,L,L,LE,LE,1,LE
0.30686052579764295,0.4582016375751687,0.23493783662718826,L,L,LE,LE,1,LE
0.25935168114382673,0.5049257622234224,0.2357225566327508,V,L,LE,LE,0,VA
0.26712700698293057,0.38207211891023835,0.35080087410683114,L,L,LE,LV,1,LV
0.19159115054964848,0.7354973450034559,0.07291150444689565,E,L,L,L,0,VA
0.29361257856409895,0.5186254186687869,0.18776200276711416,L,L,LE,LE,1,LE
0.20093067076615545,0.6659198947817555,0.133149434452089,L,L,L,L,1,L
0.2967787478406332,0.5201317429848815,0.18308950917448522,L,L,LE,LE,1,LE
0.29526673271028875,0.4029103774522283,0.30182288983748295,E,L,LE,LV,0,VA
0.25473504493834115,0.5644795174769208,0.18078543758473814,L,L,LE,LE,1,LE
0.2742176088164607,0.3706615662516642,0.3551208249318753,E,L,LE,LV,0,VA
0.2673424639048872,0.2836686843198126,0.44898885177530024,V,V,EV,VL,1,VL
0.2488465246095965,0.5812726006017888,0.16988087478861472,L,L,LE,LE,1,LE
0.2726364819185613,0.4252365283380973,0.30212698974334146,V,L,LE,LV,1,LV
0.26658990800330384,0.48739871596058176,0.24601137603611442,V,L,LE,LE,0,VA
0.23441201310751864,0.5597484014144178,0.20583958547806347,L,L,LE,LE,1,LE
0.23377530398835558,0.38185345019132133,0.38437124582032306,L,V,EV,VL,1,VL
0.29010626933876993,0.39737654735380024,0.31251718330742984,E,L,LE,LV,0,VA
0.1344026262717579,0.79836393029034,0.06723344343790204,L,L,L,L,1,L
0.246396389869429,0.4901736907688421,0.2634299193617289,V,L,LE,LV,1,LV
0.25603760766816047,0.502609177058341,0.24135321527349857,L,L,LE,LE,1,LE
0.24712142967275189,0.48688358463464887,0.26599498569259916,E,L,LE,LV,0,VA
0.2613427191760437,0.3857373123702158,0.35291996845374046,L,L,LE,LV,1,LV
0.2808152888166054,0.4210131336974736,0.2981715774859211,V,L,LE,LV,1,LV
0.2502347285417943,0.1891683224412896,0.5605969490169161,V,V,EV,VE,1,VE
0.2609108937076353,0.41334394831571747,0.32574515797664727,E,L,LE,LV,0,VA
0.24011053955053216,0.2905709482635781,0.46931851218588977,V,V,EV,VL,1,VL
0.23870517375939002,0.6076891968888279,0.15360562935178212,L,L,L,L,1,L
0.2509206224580714,0.4750731929072717,0.274006184634657,L,L,LE,LV,1,LV
0.2433325758481427,0.5753160467921993,0.18135137735965806,V,L,LE,LE,0,VA
0.2871957129269453,0.3907248118178285,0.32207947525522634,L,L,LE,LV,1,LV
0.2556836464288423,0.502932149955033,0.24138420361612462,L,L,LE,LE,1,LE
0.249718069291983,0.5639298198072857,0.18635211090073117,E,L,LE,LE,1,LE
0.25846936308026486,0.6003875496837864,0.14114308723594873,L,L,L,L,1,L
0.21790296521100952,0.4084658601396686,0.3736311746493218,V,L,LE,LV,1,LV
0.28845543696468146,0.3617000740355281,0.3498444889997905,E,L,LE,LV,0,VA
0.29876087006791036,0.22860102795145426,0.47263810198063533,V,V,EV,VE,1,VE
0.27824122967567844,0.5454601099624761,0.17629866036184538,L,L,LE,LE,1,LE
0.24384977248402798,0.581561365132909,0.174588862383063,E,L,LE,LE,1,LE
0.22584128533548165,0.6461105549320711,0.12804815973244724,E,L,L,L,0,VA
0.2554515561922049,0.15299374223686463,0.5915547015709305,E,V,EV,VE,1,VE
0.2442864503956365,0.5946493576381946,0.16106419196616883,V,L,LE,LE,0,VA
0.32866543929181474,0.4506688529450333,0.22066570776315197,V,L,LE,LE,0,VA
0.2802862236839554,0.45298104908608555,0.26673272722995905,L,L,LE,LE,1,LE
0.2387213547333111,0.580116704550214,0.18116194071647482,L,L,LE,LE,1,LE
0.24800706217743534,0.4116179529882097,0.340374984834355,V,L,LE,LV,1,LV
0.28058050453226085,0.4591933787997488,0.26022611666799034,E,L,LE,LE,1,LE
0.15705505674699816,0.7801018686433356,0.06284307460966623,L,L,L,L,1,L
0.28573936216158596,0.5320072712008146,0.18225336663759947,E,L,LE,LE,1,LE
0.1818749971680346,0.632734414630671,0.18539058820129428,V,L,L,L,0,VA
0.17814400618332707,0.7304967863168731,0.09135920749979992,L,L,L,L,1,L
0.25867182733036254,0.39824461790544885,0.3430835547641886,E,L,LE,LV,0,VA
0.2758689278285482,0.46889917272170434,0.2552318994497474,E,L,LE,LE,1,LE
0.27819177703276116,0.36928409394314604,0.3525241290240928,E,L,LE,LV,0,VA
0.20791978800664732,0.6361311680530942,0.1559490439402585,L,L,L,L,1,L
0.2661882295202399,0.5182157412004325,0.21559602927932775,L,L,LE,LE,1,LE
0.14254542711677953,0.7708198763672389,0.08663469651598144,L,L,L,L,1,L
0.1772193564478856,0.7238578909152757,0.09892275263683867,L,L,L,L,1,L
0.23297421125783813,0.6358405170450386,0.13118527169712318,L,L,L,L,1,L
0.2453391086498168,0.5706027918038192,0.18405809954636407,L,L,LE,LE,1,LE
0.26104396566788834,0.30569456602381,0.4332614683083017,E,V,EV,VL,0,VA
0.2578167145370041,0.5091890026709712,0.23299428279202472,E,L,LE,LE,1,LE
0.2396150942018814,0.25066921087065086,0.5097156949274677,V,V,EV,VL,1,VL
0.2704283897893389,0.523527395208619,0.20604421500204204,E,L,LE,LE,1,LE
0.2757442365839795,0.26596568766292583,0.4582900757530946,V,V,EV,VE,1,VE
0.21777368045924098,0.6044646094476726,0.1777617100930864,E,L,L,L,0,VA
0.2545230869710571,0.5316268304476593,0.21385008258128363,L,L,LE,LE,1,LE
0.2818507282716563,0.4362409417885474,0.2819083299397964,E,L,LE,LV,0,VA
0.27120170554923956,0.42972403550516586,0.2990742589455945,V,L,LE,LV,1,LV
0.2666252644864425,0.44050037109536055,0.29287436441819686,V,L,LE,LV,1,LV
0.2853962863438883,0.37980637420881663,0.33479733944729506,L,L,LE,LV,1,LV
0.257781751168065,0.5097524578996414,0.23246579093229358,L,L,LE,LE,1,LE
0.23387803473261612,0.575396199761646,0.19072576550573775,L,L,LE,LE,1,LE
0.26424508971925836,0.40393940565035935,0.3318155046303823,V,L,LE,LV,1,LV
0.22387445294129574,0.6295068879848827,0.1466186590738215,L,L,L,L,1,L
0.3299755571711961,0.37829913315538655,0.29172530967341737,E,L,LE,LE,1,LE
0.21875141244969812,0.09376246171632215,0.6874861258339798,V,V,V,V,1,V
0.2816461138224443,0.4626859920078529,0.2556678941697028,V,L,LE,LE,0,VA
0.27764597688671977,0.3969418420292831,0.32541218108399717,E,L,LE,LV,0,VA
0.2809172929644314,0.4418154987715676,0.277267208264001,E,L,LE,LE,1,LE
0.26803895638476966,0.4451558003019056,0.2868052433133248,E,L,LE,LV,0,VA
0.27801262761442713,0.4107969401884391,0.3111904321971338,E,L,LE,LV,0,VA
0.24205590989720047,0.4913758501126147,0.2665682399901849,L,L,LE,LV,1,LV
0.30365967944375155,0.41882739042839473,0.2775129301278536,V,L,LE,LE,0,VA
0.1639560267952591,0.7449187703330312,0.09112520287170976,L,L,L,L,1,L
0.2542069503488041,0.5035084813120102,0.2422845683391857,V,L,LE,LE,0,VA
0.2788119804485405,0.3683025991444831,0.35288542040697646,L,L,LE,LV,1,LV
0.24578763568393036,0.5445615959273961,0.20965076838867353,L,L,LE,LE,1,LE
0.29742158914540034,0.3654263360164553,0.33715207483814447,V,L,LE,LV,1,LV
0.2771429201224088,0.5127142363062113,0.21014284357137997,L,L,LE,LE,1,LE
0.24199138057276495,0.5024341968749101,0.25557442255232493,L,L,LE,LV,1,LV
0.07504800769367441,0.9075719578370264,0.017380034469299272,L,L,L,L,1,L
0.28454926702350414,0.20980180719315566,0.5056489257833402,E,V,EV,VE,1,VE
0.27244749341810304,0.5057114505454374,0.22184105603645954,L,L,LE,LE,1,LE
0.25219767321504566,0.5256276570495731,0.22217466973538114,L,L,LE,LE,1,LE
0.15867402474188474,0.779733612539678,0.06159236271843718,L,L,L,L,1,L
0.25014339231837324,0.5419143508138865,0.2079422568677403,L,L,LE,LE,1,LE
0.23677915794659907,0.61556954908175,0.14765129297165092,E,L,L,L,0,VA
0.2524693835798365,0.47840398180098376,0.26912663461917974,V,L,LE,LV,1,LV
0.30011432624071666,0.43270194798139094,0.2671837257778924,E,L,LE,LE,1,LE
0.24001491700229774,0.415431281913437,0.3445538010842653,L,L,LE,LV,1,LV
0.2860153896952932,0.4124140337766028,0.301570576528104,E,L,LE,LV,0,VA
0.25828484409809244,0.5768415660958347,0.16487358980607283,L,L,LE,LE,1,LE
0.21240818593453498,0.6235118704408935,0.16407994362457148,L,L,L,L,1,L
0.24391906756240253,0.5802780211801194,0.17580291125747813,L,L,LE,LE,1,LE
0.22152945658556833,0.5862833717197656,0.19218717169466595,V,L,LE,LE,0,VA
0.18023716055400282,0.6917255524840551,0.12803728696194203,L,L,L,L,1,L
0.2833548778046837,0.5195945756675823,0.19705054652773396,L,L,LE,LE,1,LE
0.2600645356344874,0.3284982671886381,0.41143719717687455,L,V,EV,VL,1,VL
0.27912410430057344,0.3342327472688015,0.3866431484306252,V,V,EV,VL,1,VL
0.2886579197361327,0.3718992323430785,0.3394428479207889,E,L,LE,LV,0,VA
0.28308248312519557,0.400205016942407,0.3167124999323973,E,L,LE,LV,0,VA
0.26409796276016034,0.5098409792033399,0.22606105803649967,E,L,LE,LE,1,LE
0.28324539019613515,0.4684933636792467,0.24826124612461806,L,L,LE,LE,1,LE
0.24342982482687076,0.5819482001315907,0.1746219750415386,V,L,LE,LE,0,VA
0.2611765536776951,0.542701864566297,0.19612158175600797,V,L,LE,LE,0,VA
0.25855954517705976,0.4401854409748755,0.30125501384806463,L,L,LE,LV,1,LV
0.27149399762368487,0.2762811841027098,0.4522248182736054,L,V,EV,VL,1,VL
0.25742925463944744,0.4390002483674602,0.3035704969930924,V,L,LE,LV,1,LV
0.27590303182820897,0.4680443504898606,0.25605261768193033,V,L,LE,LE,0,VA
0.1940256180893729,0.7223098668049868,0.08366451510564032,L,L,L,L,1,L
0.28223460292031854,0.3230127726406686,0.3947526244390129,L,V,EV,VL,1,VL
0.2358737977600705,0.5199951144126493,0.24413108782728019,L,L,LE,LV,1,LV
0.2565030989224198,0.4889202783142974,0.25457662276328274,L,L,LE,LE,1,LE
0.23778024214489726,0.5991916414941069,0.1630281163609958,E,L,LE,LE,1,LE
0.283281946965891,0.24499354536264042,0.4717245076714686,V,V,EV,VE,1,VE
0.2546015550356202,0.46521820054683877,0.28018024441754114,V,L,LE,LV,1,LV
0.27992868098587703,0.5453337912762432,0.1747375277378798,E,L,LE,LE,1,LE
0.1338228458589876,0.8208300398381184,0.04534711430289398,L,L,L,L,1,L
0.18770842110852068,0.06449468500453784,0.7477968938869415,V,V,V,V,1,V
0.2701755870956211,0.42126770176758704,0.30855671113679184,L,L,LE,LV,1,LV
0.2707983783784529,0.43417334034992283,0.29502828127162434,E,L,LE,LV,0,VA
0.24146499564734772,0.603823352697564,0.1547116516550882,L,L,L,L,1,L
0.2071004973054336,0.5375252107876881,0.2553742919068783,L,L,LE,LV,1,LV
0.2194176242544343,0.62683670486327,0.1537456708822957,L,L,L,L,1,L
0.19141562362478828,0.13150969735639184,0.6770746790188198,V,V,V,V,1,V
0.25290963345883954,0.39120132880282915,0.3558890377383312,V,L,LE,LV,1,LV
0.21816854394224405,0.5832234939155446,0.1986079621422113,L,L,LE,LE,1,LE
0.30146450045428563,0.42781677428515263,0.2707187252605617,V,L,LE,LE,0,VA
0.22435335708100934,0.6251027069170095,0.15054393600198113,L,L,L,L,1,L
0.25846060926988695,0.3738255705960336,0.36771382013407944,V,L,LE,LV,1,LV
0.30033216034141264,0.4311362137718823,0.2685316258867051,E,L,LE,LE,1,LE
0.23441860827603395,0.512632072797755,0.2529493189262111,L,L,LE,LV,1,LV
0.2403707344978735,0.5804218522296427,0.17920741327248374,L,L,LE,LE,1,LE
0.2718243377093112,0.5466917135079383,0.1814839487827504,L,L,LE,LE,1,LE
0.24848889399560203,0.5264150952556964,0.22509601074870145,V,L,LE,LE,0,VA
0.27389032890872694,0.4604717508547006,0.26563792023657257,L,L,LE,LE,1,LE
0.24990368906530877,0.48308180825631486,0.2670145026783763,L,L,LE,LV,1,LV
0.2686275554637078,0.5839328406528723,0.14743960388341987,L,L,LE,LE,1,LE
0.26571893661380164,0.573298803985405,0.1609822594007934,L,L,LE,LE,1,LE
0.2733564984657342,0.31765794086968474,0.4089855606645811,V,V,EV,VL,1,VL
0.28013181064395,0.41273980728001347,0.3071283820760366,V,L,LE,LV,1,LV
0.2275321064473841,0.48825037673378685,0.2842175168188291,L,L,LE,LV,1,LV
0.2468430669627179,0.5594116895167175,0.19374524352056452,V,L,LE,LE,0,VA
0.21865537167830432,0.5800420102969331,0.2013026180247625,L,L,LE,LE,1,LE
0.27693389889803804,0.31575229935844956,0.40731380174351234,L,V,EV,VL,1,VL
0.26749547147680275,0.5291222294506074,0.20338229907258987,L,L,LE,LE,1,LE
0.2120800253102029,0.676418810544694,0.11150116414510312,L,L,L,L,1,L
0.250483512163897,0.5655844174697281,0.1839320703663749,L,L,LE,LE,1,LE
0.26439656807681666,0.481233847703132,0.25436958422005135,L,L,LE,LE,1,LE
0.2648439218827937,0.3615679242730686,0.37358815384413774,L,V,EV,VL,1,VL
0.22755625600776208,0.5881283379747295,0.1843154060175084,L,L,LE,LE,1,LE
0.28149125895582766,0.40217893716273806,0.3163298038814342,L,L,LE,LV,1,LV
0.31493705841162223,0.37017589509584287,0.31488704649253496,L,L,LE,LE,1,LE
0.18480097696661027,0.7143948641946315,0.10080415883875823,L,L,L,L,1,L
0.2675926038968715,0.32741777337483136,0.4049896227282972,E,V,EV,VL,0,VA
0.2726568358830276,0.4644477618483231,0.26289540226864927,L,L,LE,LE,1,LE
0.2808028035099328,0.4351739712269492,0.2840232252631181,L,L,LE,LV,1,LV
0.26452665217596616,0.34966889339345203,0.3858044544305818,V,V,EV,VL,1,VL
0.2524883652767563,0.585164310998068,0.16234732372517577,V,L,LE,LE,0,VA
0.26690297991236644,0.54297944503452,0.19011757505311366,E,L,LE,LE,1,LE
0.25474539927148976,0.4651193198493268,0.28013528087918355,L,L,LE,LV,1,LV
0.2732658415413931,0.41080339349238126,0.3159307649662256,L,L,LE,LV,1,LV
0.25241533881879885,0.45980601555679596,0.2877786456244053,V,L,LE,LV,1,LV
0.2744851324891725,0.4771230266071734,0.24839184090365407,L,L,LE,LE,1,LE
0.24780462485203333,0.4353828685201937,0.3168125066277729,L,L,LE,LV,1,LV
0.2661732337916283,0.21314922714608914,0.5206775390622825,V,V,EV,VE,1,VE
0.23397903627125197,0.5247786872374565,0.24124227649129162,E,L,LE,LV,0,VA
0.21062317717882528,0.11648290048097727,0.6728939223401975,E,V,V,V,0,VA
0.2611410197934755,0.5303252733670645,0.20853370683946,V,L,LE,LE,0,VA
0.23205819562018742,0.1570495635019228,0.6108922408778898,V,V,V,V,1,V
0.2715667751742423,0.30569714500157397,0.4227360798241836,E,V,EV,VL,0,VA
0.23696584720042407,0.5300030359524681,0.2330311168471078,E,L,LE,LE,1,LE
0.25481189634807117,0.5128390860563005,0.23234901759562848,V,L,LE,LE,0,VA
0.26068302650816216,0.45193950026730906,0.28737747322452883,L,L,LE,LV,1,LV
0.2880706592998988,0.27991653074029355,0.4320128099598077,E,V,EV,VE,1,VE
0.2830107175021636,0.4302252632473251,0.28676401925051137,L,L,LE,LV,1,LV
0.24627080364462914,0.4719157606262159,0.28181343572915507,L,L,LE,LV,1,LV
0.2568579378947796,0.4471891815614896,0.2959528805437307,L,L,LE,LV,1,LV
0.18296398197282412,0.7401406532334367,0.07689536479373928,L,L,L,L,1,L
0.2669275556316867,0.4701180246121989,0.26295441975611444,E,L,LE,LE,1,LE
0.19728028650330395,0.6906536711220814,0.11206604237461455,L,L,L,L,1,L
0.2504055272157881,0.2032043270379498,0.5463901457462621,V,V,EV,VE,1,VE
0.2853778383790731,0.2856569807654917,0.4289651808554353,L,V,EV,VL,1,VL
0.28335737559328406,0.40326612647856797,0.3133764979281481,V,L,LE,LV,1,LV
0.21616329020764688,0.6978369271935284,0.08599978259882468,L,L,L,L,1,L
0.25508490541058,0.413274486898391,0.33164060769102904,V,L,LE,LV,1,LV
0.19840131931768246,0.680304564795894,0.12129411588642341,E,L,L,L,0,VA
0.27333770050469786,0.4211069828902944,0.3055553166050078,E,L,LE,LV,0,VA
0.25940602446902794,0.47368342799461716,0.2669105475363548,V,L,LE,LV,1,LV
0.25412740861072647,0.5163478450044642,0.22952474638480938,L,L,LE,LE,1,LE
0.2922988921651596,0.5110459101707929,0.19665519766404746,V,L,LE,LE,0,VA
0.2576769969545112,0.4820652493911113,0.2602577536543776,L,L,LE,LV,1,LV
0.26833259817731087,0.3777146053655306,0.35395279645715844,V,L,LE,LV,1,LV
0.25057944200199106,0.4549288387490393,0.2944917192489697,L,L,LE,LV,1,LV
0.25035232287348796,0.4924306903069619,0.25721698681955024,L,L,LE,LV,1,LV
0.28880918875687495,0.35700213839409123,0.3541886728490338,V,L,LE,LV,1,LV
0.2835509531618265,0.5137682841146983,0.20268076272347518,V,L,LE,LE,0,VA
0.25297793737911095,0.5122669035742123,0.23475515904667665,E,L,LE,LE,1,LE
0.278583446248088,0.5093845233639394,0.2120320303879726,E,L,LE,LE,1,LE
0.23660494562991727,0.5931255404613643,0.17026951390871842,L,L,LE,LE,1,LE
0.23824510214336705,0.5391835913087786,0.22257130654785443,L,L,LE,LE,1,LE
0.19403346915418573,0.6397874142048914,0.16617911664092294,L,L,L,L,1,L
0.24652870938122523,0.3665536832362009,0.3869176073825739,V,V,EV,VL,1,VL
0.27786281254056094,0.38209860206007534,0.3400385853993637,V,L,LE,LV,1,LV
0.0887407711997773,0.8827297762826732,0.028529452517549427,L,L,L,L,1,L
0.2403653080517559,0.5135200260826249,0.24611466586561914,E,L,LE,LV,0,VA
0.25306876292675284,0.5139995421504394,0.23293169492280782,L,L,LE,LE,1,LE
0.30753184841476655,0.40359094496596215,0.28887720661927135,L,L,LE,LE,1,LE
0.1806753150928397,0.7365362512662473,0.08278843364091296,L,L,L,L,1,L
0.2493293418344897,0.5223550120529382,0.2283156461125721,L,L,LE,LE,1,LE
0.2571251889471131,0.3448057282743167,0.3980690827785703,V,V,EV,VL,1,VL
0.2592350290142957,0.53791467928443,0.20285029170127422,E,L,LE,LE,1,LE
0.2507657498929244,0.41313449852608625,0.3360997515809894,E,L,LE,LV,0,VA
0.24124373490455767,0.6289577729435045,0.1297984921519377,E,L,L,L,0,VA
0.2683986668883191,0.520298759698591,0.21130257341308986,L,L,LE,LE,1,LE
0.2825307575508573,0.5245685575177649,0.19290068493137785,L,L,LE,LE,1,LE
0.3096217813734165,0.35338769320937735,0.33699052541720625,L,L,LE,LV,1,LV
0.2724153076049697,0.5701911352913243,0.157393557103706,E,L,LE,LE,1,LE
0.2745095614115615,0.4932676165843763,0.23222282200406227,E,L,LE,LE,1,LE
0.21834842920151754,0.6384951351947411,0.14315643560374128,V,L,L,L,0,VA
0.09144525252602632,0.8806463049863636,0.027908442487610083,L,L,L,L,1,L
0.24566224826131947,0.6211251333018882,0.13321261843679227,E,L,L,L,0,VA
0.2867536456293704,0.40914536482703046,0.30410098954359915,L,L,LE,LV,1,LV
0.1783639017679338,0.6976337846508399,0.12400231358122636,E,L,L,L,0,VA
0.32654874275776635,0.33888808199974507,0.3345631752424885,V,L,LE,LV,1,LV
0.19943114952415555,0.6776925538463722,0.12287629662947241,L,L,L,L,1,L
